[0,1] [0,2] [0,4] [0,8]
[0,1,2] [0,2] [0,4] [0,8]
[0,1,2] [1,2,4] [2,4,8] [4,8,0]
[0,8] [0,4] [0,2] [0,1]
[0,1] [0,8] [0,4] [0,2]
[0,1] [0,3] [0,5] [0,9]
[0,1] [0,2] [0,5] [0,8]
[0,1] [0,2] [0,6] [0,8]
[0,1] [0,2] [0,7] [0,8]
[0,1] [1,2] [1,4] [1,8]
[0,1] [1,2] [2,4] [4,8]
[0,1] [1,2] [1,2,4] [0,8]
[0,1,2,3] [0,4,8,12] [0,1,2,3] [0,4,8,12]
[1,2] [2,4] [4,8] [8,1]
[8,1] [8,2] [8,4] [0,8]
[0,1,2] [0,2,4] [0,4,8] [0,1,8]
[5,1] [5,2] [5,4] [5,8]
[6,1] [6,2] [6,4] [6,8]
[3,1] [3,2] [3,4] [3,8]
[0,1,2,4] [0,2] [0,4] [0,8]
[0,1,2,4] [0,2] [0,4] [0,1]
[0,2,4,8] [0,2] [0,4] [0,8]
[0,1,4,8] [0,2] [0,4] [0,8]
