[2,3,5,7,11] 35
[2,3,5,11,7] 35
[2,3,7,5,11] 35
[2,3,7,11,5] 35
[2,3,11,5,7] 35
[2,3,11,7,5] 35
[2,5,3,7,11] 35
[2,5,3,11,7] 35
[2,5,7,3,11] 35
[2,5,7,11,3] 35
[2,5,11,3,7] 35
[2,5,11,7,3] 35
[2,7,3,5,11] 35
[2,7,3,11,5] 35
[2,7,5,3,11] 35
[2,7,5,11,3] 35
[2,7,11,3,5] 35
[2,7,11,5,3] 35
[2,11,3,5,7] 35
[2,11,3,7,5] 35
[2,11,5,3,7] 35
[2,11,5,7,3] 35
[2,11,7,3,5] 35
[2,11,7,5,3] 35
[3,2,5,7,11] 35
[3,2,5,11,7] 35
[3,2,7,5,11] 35
[3,2,7,11,5] 35
[3,2,11,5,7] 35
[3,2,11,7,5] 35
[3,5,2,7,11] 35
[3,5,2,11,7] 35
[3,5,7,2,11] 35
[3,5,7,11,2] 35
[3,5,11,2,7] 35
[3,5,11,7,2] 35
[3,7,2,5,11] 35
[3,7,2,11,5] 35
[3,7,5,2,11] 35
[3,7,5,11,2] 35
[3,7,11,2,5] 35
[3,7,11,5,2] 35
[3,11,2,5,7] 35
[3,11,2,7,5] 35
[3,11,5,2,7] 35
[3,11,5,7,2] 35
[3,11,7,2,5] 35
[3,11,7,5,2] 35
[5,2,3,7,11] 35
[5,2,3,11,7] 35
[5,2,7,3,11] 35
[5,2,7,11,3] 35
[5,2,11,3,7] 35
[5,2,11,7,3] 35
[5,3,2,7,11] 35
[5,3,2,11,7] 35
[5,3,7,2,11] 35
[5,3,7,11,2] 35
[5,3,11,2,7] 35
[5,3,11,7,2] 35
[5,7,2,3,11] 35
[5,7,2,11,3] 35
[5,7,3,2,11] 35
[5,7,3,11,2] 35
[5,7,11,2,3] 35
[5,7,11,3,2] 35
[5,11,2,3,7] 35
[5,11,2,7,3] 35
[5,11,3,2,7] 35
[5,11,3,7,2] 35
[5,11,7,2,3] 35
[5,11,7,3,2] 35
[7,2,3,5,11] 35
[7,2,3,11,5] 35
[7,2,5,3,11] 35
[7,2,5,11,3] 35
[7,2,11,3,5] 35
[7,2,11,5,3] 35
[7,3,2,5,11] 35
[7,3,2,11,5] 35
[7,3,5,2,11] 35
[7,3,5,11,2] 35
[7,3,11,2,5] 35
[7,3,11,5,2] 35
[7,5,2,3,11] 35
[7,5,2,11,3] 35
[7,5,3,2,11] 35
[7,5,3,11,2] 35
[7,5,11,2,3] 35
[7,5,11,3,2] 35
[7,11,2,3,5] 35
[7,11,2,5,3] 35
[7,11,3,2,5] 35
[7,11,3,5,2] 35
[7,11,5,2,3] 35
[7,11,5,3,2] 35
[11,2,3,5,7] 35
[11,2,3,7,5] 35
[11,2,5,3,7] 35
[11,2,5,7,3] 35
[11,2,7,3,5] 35
[11,2,7,5,3] 35
[11,3,2,5,7] 35
[11,3,2,7,5] 35
[11,3,5,2,7] 35
[11,3,5,7,2] 35
[11,3,7,2,5] 35
[11,3,7,5,2] 35
[11,5,2,3,7] 35
[11,5,2,7,3] 35
[11,5,3,2,7] 35
[11,5,3,7,2] 35
[11,5,7,2,3] 35
[11,5,7,3,2] 35
[11,7,2,3,5] 35
[11,7,2,5,3] 35
[11,7,3,2,5] 35
[11,7,3,5,2] 35
[11,7,5,2,3] 35
[11,7,5,3,2] 35
